A0000000000000000000000000000000
00000000000000000000000000000000
00000000000000000000000000000000
00000000000000000000000000000000
00000000000000000000000000000000
00000000000000000000000000000000
00000000000000000000000000000000
00000000000000000000000000000000
00000000000000000000000000000000
00000000000000000000000000000000
00000000000000000000000000000000
00000000000000000000000000000000
0000000000000000A000000000000000
00000000000000000000000000000000
0000000A0000A0000000000000000000
00000000000000000000000000000000
00000000000000000000000000000000
00000000000000000000000000000000
0000000000000000000000B000000000
00000000000000000000000000000000
0000000000000000000B000000000000
00000000000000000000000000000000
000000000000B0000000000000000000
00000000000000000000000000000000
0000000B000000000000000000000000
00000000000000000000000000000000
00000000000000000000000000000000
00000000000000000000000000000000
00000000000000000000000000000000
00000000000000000000000000000B00
00000000000000000000000000000000
00000000000000000000000000000000
